ripple3,385,1,118,61
ripple2,263,4,108,55
ripple1,140,6,99,51
ripple0,18,9,90,46
ripple7,390,67,108,56
ripple6,266,69,102,52
ripple5,142,70,96,50
ripple4,18,72,90,46
ripple9,129,128,121,61
ripple8,6,129,114,59
current0,0,199,217,76
current5,233,199,218,76
current1,0,277,220,78
current6,233,277,222,78
current2,0,356,223,78
current7,233,356,225,79
current3,0,435,227,79
current8,234,435,227,79
current4,1,514,229,80
current9,234,514,232,80
splash3,526,604,172,273
splash4,702,604,170,273
splash2,351,656,173,221
splash1,175,710,175,167
sprite27,5,749,7,7
sprite28,30,749,7,7
splash0,35,764,92,113
sprite30,17,775,7,7
sprite31,139,776,7,7
sprite32,145,806,7,7
splash5,5,895,167,276
splash6,181,895,166,276
splash7,356,895,166,276
splash8,531,895,166,275
splash9,706,895,166,274
sprite38,2,1001,1,2
splash10,0,1202,165,272
splash11,205,1202,92,272
sprite41,380,1202,92,272