sprite28,0,0,108,142
sprite29,108,0,108,142
sprite30,216,0,108,142
sprite31,324,0,108,142
sprite32,0,142,108,142
sprite33,108,142,108,142
sprite34,216,142,108,142
sprite35,324,142,108,142
sprite36,0,284,108,142
sprite37,108,284,108,142
sprite38,216,284,108,142
sprite39,324,284,108,142
sprite40,0,426,108,142
sprite41,108,426,108,142
sprite42,216,426,108,142
sprite43,324,426,108,142
sprite44,0,568,108,142
sprite45,108,568,108,142
sprite46,216,568,108,142
sprite47,324,568,108,142
sprite48,0,710,108,142
sprite49,108,710,108,142
sprite50,216,710,108,142
sprite51,324,710,108,142
sprite52,0,852,108,142
sprite53,108,852,108,142
sprite54,216,852,108,142
sprite55,324,852,108,142